Control Sample

units     um
lx        25
wy        0.08
w         1.5
ts        50
lgap      6.5
g1        0.5

~~~~~~~~~~~~~~~~~~~~~~~~~~~~~~~~~~~~~~~~~~~~~~~~~~~~~~~~~~~~~~~~~~~~~~~~~~~~~~~~~~~~~~~~~~~~~~~~~~~~~~~~~

Simulation g1

0.1

lx        10           15          20          25          30
fR        Na           0.4332      0.38985     0.3516      0.318

wy        0.005        0.01        0.02        0.05        0.08
fR        Na           Na          Na          0.3228      0.3516

w         1.0          1.5         2.0         2.5         3.0         3.5
fR        0.3384       0.3516      0.3464      0.3576      0.3522      0.353

ts        35           40          45          50          55          60          65
fR        0.34035      0.3516      0.348       0.3516      0.3486      0.35115     0.35055

lgap      4.5          5.5         6.5
fR        0.38475      0.3654      0.3516

~~~~~~~~~~~~~~~~~~~~~~~~~~~~~~~~~~~~~~~~~~~~~~~~~~~~~~~~~~~~~~~~~~~~~~~~~~~~~~~~~~~~~~~~~~~~~~~~~~~~~~~~~

Simulation g1

0.2

lx        10           15          20          25          30
fR        Na           Na          0.4116      0.3675      0.3336

wy        0.005        0.01        0.02        0.05        0.08
fR        Na           Na          Na          0.3387      0.3675

w         1.0          1.5         2.0         2.5         3.0         3.5
fR        0.3566       0.3675      0.3737      0.3752      0.3726      0.3737

ts        35           40          45          50          55          60          65
fR        0.3675       0.36675     0.3672      0.3675      0.36765     0.36765     0.36675

lgap      4.5          5.5         6.5
fR        0.399        0.3828      0.3675

~~~~~~~~~~~~~~~~~~~~~~~~~~~~~~~~~~~~~~~~~~~~~~~~~~~~~~~~~~~~~~~~~~~~~~~~~~~~~~~~~~~~~~~~~~~~~~~~~~~~~~~~~

Simulation g1

0.3

lx        10           15          20          25          30
fR        Na           Na          0.4254      0.37875     0.34005

wy        0.005        0.01        0.02        0.05        0.08
fR        Na           Na          Na          0.34905     0.37875

w         1.0          1.5         2.0         2.5         3.0         3.5
fR        0.3678       0.3788      0.3836      0.3831      0.3834      0.3855


ts        35           40          45          50          55          60          65
fR        0.37875      0.37875     0.37815     0.37875     0.378       0.37845     0.3774

lgap      4.5          5.5         6.5
fR        0.40785      0.3927      0.37875

~~~~~~~~~~~~~~~~~~~~~~~~~~~~~~~~~~~~~~~~~~~~~~~~~~~~~~~~~~~~~~~~~~~~~~~~~~~~~~~~~~~~~~~~~~~~~~~~~~~~~~~~~

Simulation g1

0.4

lx        10           15          20          25          30
fR        Na           Na          0.4347      0.38625     0.3465

wy        0.005        0.01        0.02        0.05        0.08
fR        Na           Na          0.30195     0.35475     0.38625

w         1.0          1.5         2.0         2.5         3.0         3.5
fR        0.3746       0.3863      0.389       0.3918      0.3906      0.3917

ts        35           40          45          50          55          60          65
fR        0.38325      0.3864      0.3861      0.38625     0.3864      0.38685     0.3864

lgap      4.5          5.5         6.5
fR        0.41385      0.3993      0.38625

~~~~~~~~~~~~~~~~~~~~~~~~~~~~~~~~~~~~~~~~~~~~~~~~~~~~~~~~~~~~~~~~~~~~~~~~~~~~~~~~~~~~~~~~~~~~~~~~~~~~~~~~~

Simulation g1

0.5

lx        10           15          20          25          30
fR        Na           Na          0.44145     0.39195     0.35145

wy        0.005        0.01        0.02        0.05        0.08
fR        Na           Na          0.3054      0.35985     0.39195

w         1.0          1.5         2.0         2.5         3.0         3.5
fR        0.3813       0.392       0.3939      0.3965      0.39555     0.3962

ts        35           40          45          50          55          60          65
fR        0.3921       0.39225     0.3915      0.39195     0.39165     0.39165     0.39165

lgap      4.5          5.5         6.5
fR        0.41985      0.40485     0.39195

~~~~~~~~~~~~~~~~~~~~~~~~~~~~~~~~~~~~~~~~~~~~~~~~~~~~~~~~~~~~~~~~~~~~~~~~~~~~~~~~~~~~~~~~~~~~~~~~~~~~~~~~~

Simulation g1

0.6

lx        10           15          20          25          30
fR        Na           Na          0.4479      0.39675     0.35535

wy        0.005        0.01        0.02        0.05        0.08
fR        Na           Na          0.3102      0.3648      0.39675

w         1.0          1.5         2.0         2.5         3.0         3.5
fR        0.3881       0.3968      0.3999      0.4016      0.3999      0.4008

ts        35           40          45          50          55          60          65
fR        0.39645      0.39645     0.39675     0.39675     0.3966      0.39585     0.39555

lgap      4.5          5.5         6.5
fR        0.42465      0.4101      0.39675

~~~~~~~~~~~~~~~~~~~~~~~~~~~~~~~~~~~~~~~~~~~~~~~~~~~~~~~~~~~~~~~~~~~~~~~~~~~~~~~~~~~~~~~~~~~~~~~~~~~~~~~~~

Simulation g1

0.7

lx        10           15          20          25          30
fR        Na           Na          Na          0.40095     0.35895

wy        0.005        0.01        0.02        0.05        0.08
fR        Na           Na          0.31275     0.36975     0.40095

w         1.0          1.5         2.0         2.5         3.0         3.5
fR        0.3921       0.401       0.4041      0.4031      0.40395     0.4038

ts        35           40          45          50          55          60          65
fR        0.3984       0.40095     0.4008      0.40095     0.40005     0.4002      0.3995

lgap      4.5          5.5         6.5
fR        0.4278       0.4137      0.40095

~~~~~~~~~~~~~~~~~~~~~~~~~~~~~~~~~~~~~~~~~~~~~~~~~~~~~~~~~~~~~~~~~~~~~~~~~~~~~~~~~~~~~~~~~~~~~~~~~~~~~~~~~

Simulation g1

0.8

lx        10           15          20          25          30
fR        Na           Na          Na          0.40455     0.36345

wy        0.005        0.01        0.02        0.05        0.08
fR        Na           Na          0.3147      0.36975     0.40455

w         1.0          1.5         2.0         2.5         3.0         3.5
fR        0.3957       0.4046      0.4079      0.4076      0.40725     0.4077

ts        35           40          45          50          55          60          65
fR        0.4047      0.405       0.4044       0.40455     0.40395     0.40395     0.4044

lgap      4.5          5.5         6.5
fR        0.43095      0.4179      0.40455

~~~~~~~~~~~~~~~~~~~~~~~~~~~~~~~~~~~~~~~~~~~~~~~~~~~~~~~~~~~~~~~~~~~~~~~~~~~~~~~~~~~~~~~~~~~~~~~~~~~~~~~~~
