Control Sample

units     um
lx        25
wy        0.08
w         1.5
ts        50
lgap      6.5
g1        0.5

~~~~~~~~~~~~~~~~~~~~~~~~~~~~~~~~~~~~~~~~~~~~~~~~~~~~~~~~~~~~~~~~~~~~~~~~~~~~~~~~~~~~~~~~~~~~~~~~~~~~~~~~~

Simulation lgap

4.5

lx        10           15          20          25          30
fR        Na           Na          Na          0.41985     0.3747

wy        0.005        0.01        0.02        0.05        0.08
fR        Na           Na          0.3339     0.39465      0.43095

w         1.0          1.5         2.0         2.5         3.0         3.5
fR        0.4092       0.4199      0.4211      0.4214      0.42195     0.4226

ts        35           40          45          50          55          60          65
fR        0.41985      0.42        0.42        0.41985     0.4194      0.41865     0.41865

g1        0.1          0.2         0.3         0.4         0.5         0.6         0.7        0.8
fR        0.38475      0.399       0.40785     0.41385     0.41985     0.42465     0.4278     0.43095
~~~~~~~~~~~~~~~~~~~~~~~~~~~~~~~~~~~~~~~~~~~~~~~~~~~~~~~~~~~~~~~~~~~~~~~~~~~~~~~~~~~~~~~~~~~~~~~~~~~~~~~~~

Simulation lgap

5.5

lx        10           15          20          25          30
fR        Na           Na          Na          0.40485     0.36225

wy        0.005        0.01        0.02        0.05        0.08
fR        Na           Na          0.32535     0.384       0.4179

w         1.0          1.5         2.0         2.5         3.0         3.5
fR        0.395        0.4049      0.4085      0.4076      0.40845     0.4095

ts        35           40          45          50          55          60          65
fR        0.405        0.40545     0.40485     0.40485     0.40395     0.40395     0.4032

g1        0.1          0.2         0.3         0.4         0.5         0.6         0.7        0.8
fR        0.3654       0.3828      0.3927      0.3993      0.40485     0.4101      0.4137     0.4179

~~~~~~~~~~~~~~~~~~~~~~~~~~~~~~~~~~~~~~~~~~~~~~~~~~~~~~~~~~~~~~~~~~~~~~~~~~~~~~~~~~~~~~~~~~~~~~~~~~~~~~~~~

Simulation lgap
6.5

lx        10           15          20          25          30
fR        Na           Na          0.44145     0.39195     0.35145

wy        0.005        0.01        0.02        0.05        0.08
fR        Na           Na          0.3147      0.36975     0.40455

w         1.0          1.5         2.0         2.5         3.0         3.5
fR        0.3813       0.392       0.3939      0.3965      0.39555     0.3962

ts        35           40          45          50          55          60          65
fR        0.3921       0.39225     0.3915      0.39195     0.39165     0.39165     0.39165

g1        0.1          0.2         0.3         0.4         0.5         0.6         0.7        0.8
fR        0.3516       0.3675      0.37875     0.38625     0.39195     0.39675     0.40095    0.40455

~~~~~~~~~~~~~~~~~~~~~~~~~~~~~~~~~~~~~~~~~~~~~~~~~~~~~~~~~~~~~~~~~~~~~~~~~~~~~~~~~~~~~~~~~~~~~~~~~~~~~~~~~

