Control Sample

units     um
lx        25
wy        0.08
w         1.5
ts        50
lgap      6.5
g1        0.5

~~~~~~~~~~~~~~~~~~~~~~~~~~~~~~~~~~~~~~~~~~~~~~~~~~~~~~~~~~~~~~~~~~~~~~~~~~~~~~~~~~~~~~~~~~~~~~~~~~~~~~~~~

Simulation ts

35

lx        10           15          20          25          30
fR        Na           Na          0.44085     0.3921      0.3516

wy        0.005        0.01        0.02        0.05        0.08
fR        Na           Na          0.30435     0.36        0.3921

w         1.0          1.5         2.0         2.5         3.0         3.5
fR        0.3819       0.3921      0.3941      0.3969      0.39555     0.3966

lgap      4.5          5.5         6.5
fR        0.41985      0.405       0.3921

g1        0.1          0.2         0.3         0.4         0.5         0.6         0.7        0.8
fR        0.34035      0.3675      0.37875     0.38325     0.3921      0.39645     0.3984     0.4047

~~~~~~~~~~~~~~~~~~~~~~~~~~~~~~~~~~~~~~~~~~~~~~~~~~~~~~~~~~~~~~~~~~~~~~~~~~~~~~~~~~~~~~~~~~~~~~~~~~~~~~~~~

Simulation ts

40

lx        10           15          20          25          30
fR        Na           Na          0.44175     0.39225     0.35115

wy        0.005        0.01        0.02        0.05        0.08
fR        Na           Na          0.3066      0.35985     0.39225

w         1.0          1.5         2.0         2.5         3.0         3.5
fR        0.3819       0.3923      0.3959      0.3953      0.396       0.3966

lgap      4.5          5.5         6.5
fR        0.42         0.40545     0.39225

g1        0.1          0.2         0.3         0.4         0.5         0.6         0.7        0.8
fR        0.3516      0.36675      0.37875     0.3864      0.39225     0.39645     0.40095    0.405

~~~~~~~~~~~~~~~~~~~~~~~~~~~~~~~~~~~~~~~~~~~~~~~~~~~~~~~~~~~~~~~~~~~~~~~~~~~~~~~~~~~~~~~~~~~~~~~~~~~~~~~~~

Simulation ts

45

lx        10           15          20          25          30
fR        Na           Na          0.44205     0.3915      0.3516

wy        0.005        0.01        0.02        0.05        0.08
fR        Na           Na          0.30645     0.3615      0.3915

w         1.0          1.5         2.0         2.5         3.0         3.5
fR        0.3816       0.3915      0.3957      0.3957      0.396       0.3971

lgap      4.5          5.5         6.5
fR        0.42         0.40485     0.3915

g1        0.1          0.2         0.3         0.4         0.5         0.6         0.7        0.8
fR        0.348        0.3672      0.37815     0.3861      0.3915      0.39675     0.4008     0.4044

~~~~~~~~~~~~~~~~~~~~~~~~~~~~~~~~~~~~~~~~~~~~~~~~~~~~~~~~~~~~~~~~~~~~~~~~~~~~~~~~~~~~~~~~~~~~~~~~~~~~~~~~~

Simulation ts

50

lx        10           15          20          25          30
fR        Na           Na          0.44145     0.39195     0.35145

wy        0.005        0.01        0.02        0.05        0.08
fR        Na           Na          0.3054      0.35985     0.39195

w         1.0          1.5         2.0         2.5         3.0         3.5
fR        0.3813       0.392       0.3939      0.3965      0.39555     0.3962

lgap      4.5          5.5         6.5
fR        0.41985      0.40485     0.39195

g1        0.1          0.2         0.3         0.4         0.5         0.6         0.7        0.8
fR        0.3516       0.3675      0.37875     0.38625     0.39195     0.39675     0.40095    0.40455

~~~~~~~~~~~~~~~~~~~~~~~~~~~~~~~~~~~~~~~~~~~~~~~~~~~~~~~~~~~~~~~~~~~~~~~~~~~~~~~~~~~~~~~~~~~~~~~~~~~~~~~~~

Simulation ts

55

lx        10           15          20          25          30
fR        Na           Na          0.4422      0.39165     0.35145

wy        0.005        0.01        0.02        0.05        0.08
fR        Na           Na          0.30435     0.3594      0.39165

w         1.0          1.5         2.0         2.5         3.0         3.5
fR        0.3827       0.3917      0.3933      0.3945      0.39615     0.3956

lgap      4.5          5.5         6.5
fR        0.4194       0.40395     0.39165

g1        0.1          0.2         0.3         0.4         0.5         0.6         0.7        0.8
fR        0.3486       0.36765     0.378       0.3864      0.39165     0.3966      0.40005    0.40395

~~~~~~~~~~~~~~~~~~~~~~~~~~~~~~~~~~~~~~~~~~~~~~~~~~~~~~~~~~~~~~~~~~~~~~~~~~~~~~~~~~~~~~~~~~~~~~~~~~~~~~~~~

Simulation ts

60

lx        10           15          20          25          30
fR        Na           Na          0.4431      0.39165     0.3516

wy        0.005        0.01        0.02        0.05        0.08
fR        Na           Na          0.3042      0.35925     0.39165

w         1.0          1.5         2.0         2.5         3.0         3.5
fR        0.3824       0.3917      0.3933      0.3947      0.39615     0.396

lgap      4.5          5.5         6.5
fR        0.41865      0.40395     0.39165

g1        0.1          0.2         0.3         0.4         0.5         0.6         0.7        0.8
fR        0.35115      0.36765     0.37845     0.38685     0.39165     0.39585     0.4002     0.40395

~~~~~~~~~~~~~~~~~~~~~~~~~~~~~~~~~~~~~~~~~~~~~~~~~~~~~~~~~~~~~~~~~~~~~~~~~~~~~~~~~~~~~~~~~~~~~~~~~~~~~~~~~

Simulation ts

65

lx        10           15          20          25          30
fR        Na           Na          0.4422      0.39165     0.35235

wy        0.005        0.01        0.02        0.05        0.08
fR        Na           Na          0.30465     0.35685     0.39165

w         1.0          1.5         2.0         2.5         3.0         3.5
fR        0.3821       0.3917      0.3948      0.3947      0.3957      0.3972

lgap      4.5          5.5         6.5
fR        0.41865      0.4032      0.39165

g1        0.1          0.2         0.3         0.4         0.5         0.6         0.7        0.8
fR        0.35055      0.36675     0.3774      0.3864      0.39165     0.39555     0.3996     0.4044

~~~~~~~~~~~~~~~~~~~~~~~~~~~~~~~~~~~~~~~~~~~~~~~~~~~~~~~~~~~~~~~~~~~~~~~~~~~~~~~~~~~~~~~~~~~~~~~~~~~~~~~~~