Control Sample

units     um
lx        25
wy        0.08
w         1.5
ts        50
lgap      6.5
g1        0.5

~~~~~~~~~~~~~~~~~~~~~~~~~~~~~~~~~~~~~~~~~~~~~~~~~~~~~~~~~~~~~~~~~~~~~~~~~~~~~~~~~~~~~~~~~~~~~~~~~~~~~~~~~

Simulation w

1.0

lx        10           15          20          25          30
fR        Na           Na          0.4326      0.3813      0.3399

wy        0.005        0.01        0.02        0.05        0.08
fR        Na           Na          0.31755     0.3666      0.3957

ts        35           40          45          50          55          60          65
fR        0.3819       0.3819      0.3816      0.3813      0.3827      0.3824      0.3821

lgap      4.5          5.5         6.5
fR        0.4092       0.395       0.3813

g1        0.1          0.2         0.3         0.4         0.5         0.6         0.7        0.8
fR        0.3384       0.3566      0.3678      0.3746      0.3813      0.3881      0.3921     0.3957
~~~~~~~~~~~~~~~~~~~~~~~~~~~~~~~~~~~~~~~~~~~~~~~~~~~~~~~~~~~~~~~~~~~~~~~~~~~~~~~~~~~~~~~~~~~~~~~~~~~~~~~~~

Simulation w

1.5

lx        10           15          20          25          30
fR        Na           Na          0.44145     0.39195     0.35145

wy        0.005        0.01        0.02        0.05        0.08
fR        Na           Na          0.3147      0.36975     0.40455

ts        35           40          45          50          55          60          65
fR        0.3921       0.3923      0.3915      0.392       0.3917      0.3917      0.3917

lgap      4.5          5.5         6.5
fR        0.4199       0.4049      0.392

g1        0.1          0.2         0.3         0.4         0.5         0.6         0.7        0.8
fR        0.3516       0.3675      0.3788      0.3863      0.392       0.3968      0.401      0.4046

~~~~~~~~~~~~~~~~~~~~~~~~~~~~~~~~~~~~~~~~~~~~~~~~~~~~~~~~~~~~~~~~~~~~~~~~~~~~~~~~~~~~~~~~~~~~~~~~~~~~~~~~~

Simulation w

2.0

lx        10           15          20          25          30
fR        Na           Na          0.4428      0.3939      0.3558

wy        0.005        0.01        0.02        0.05        0.08
fR        Na           Na          0.3132      0.3723      0.40785

ts        35           40          45          50          55          60          65
fR        0.3941       0.3959      0.3957      0.3939      0.3933      0.3933      0.3948

lgap      4.5          5.5         6.5
fR        0.4211       0.4085      0.3939

g1        0.1          0.2         0.3         0.4         0.5         0.6         0.7        0.8
fR        0.3464       0.3737      0.3836      0.389       0.3939      0.3999      0.4041     0.4079

~~~~~~~~~~~~~~~~~~~~~~~~~~~~~~~~~~~~~~~~~~~~~~~~~~~~~~~~~~~~~~~~~~~~~~~~~~~~~~~~~~~~~~~~~~~~~~~~~~~~~~~~~

Simulation w

2.5

lx        10           15          20          25          30
fR        Na           Na          0.4449      0.39645     0.35775

wy        0.005        0.01        0.02        0.05        0.08
fR        Na           Na          0.3096      0.3702      0.40755

ts        35           40          45          50          55          60          65
fR        0.3969       0.3953      0.3957      0.3965      0.3945      0.3947      0.3947

lgap      4.5          5.5         6.5
fR        0.4214       0.4076      0.3965

g1        0.1          0.2         0.3         0.4         0.5         0.6         0.7        0.8
fR        0.3576       0.3752      0.3831      0.3918      0.3965      0.4016      0.4031     0.4076

~~~~~~~~~~~~~~~~~~~~~~~~~~~~~~~~~~~~~~~~~~~~~~~~~~~~~~~~~~~~~~~~~~~~~~~~~~~~~~~~~~~~~~~~~~~~~~~~~~~~~~~~~

Simulation w

3.0

lx        10           15          20          25          30
fR        Na           Na          0.44505     0.39555     0.357

wy        0.005        0.01        0.02        0.05        0.08
fR        Na           Na          0.3081      0.3699      0.40725

ts        35           40          45          50          55          60          65
fR        0.39555      0.396       0.396       0.39555     0.39615     0.39615     0.3957

lgap      4.5          5.5         6.5
fR        0.42195      0.40845     0.39555

g1        0.1          0.2         0.3         0.4         0.5         0.6         0.7        0.8
fR        0.3522       0.3726      0.3834      0.3906      0.39555     0.3999      0.40395    0.40725

~~~~~~~~~~~~~~~~~~~~~~~~~~~~~~~~~~~~~~~~~~~~~~~~~~~~~~~~~~~~~~~~~~~~~~~~~~~~~~~~~~~~~~~~~~~~~~~~~~~~~~~~~

Simulation w

3.5

lx        10           15          20          25          30
fR        Na           Na          0.44415     0.39615     0.35775

wy        0.005        0.01        0.02        0.05        0.08
fR        Na           Na          0.30735     0.369       0.4077

ts        35           40          45          50          55          60          65
fR        0.3966       0.3966      0.3971      0.3962      0.3956      0.396       0.3972

lgap      4.5          5.5         6.5
fR        0.4226       0.4095      0.3962

g1        0.1          0.2         0.3         0.4         0.5         0.6         0.7        0.8
fR        0.353        0.3737      0.3855      0.3917      0.3962      0.4008      0.4038     0.4077

~~~~~~~~~~~~~~~~~~~~~~~~~~~~~~~~~~~~~~~~~~~~~~~~~~~~~~~~~~~~~~~~~~~~~~~~~~~~~~~~~~~~~~~~~~~~~~~~~~~~~~~~~
